4.170220047025740007e-01 1.968327770101032437e+00
4.191945144032948045e-01 3.027243744183098606e+00
8.007445686755366721e-01 4.382868123906809465e+00
9.834683383305009574e-02 4.650899803942039945e+00
9.888610889064947118e-01 2.762338027800272489e+00
1.936695787029707461e-02 3.003208276033527024e+00
1.023344288278258407e-01 4.016115957943131143e+00
9.034019152878834946e-01 3.322835983045533403e+00
8.833060912058098291e-01 4.315097308079421268e+00
1.147459729533751860e-01 4.140635444967047718e+00
3.266449017720961523e-01 5.580898597681086315e+00
1.723405083453285469e-01 4.816523543929250195e+00
1.988013383979558846e-02 3.194504575076952069e+00
5.857592714582878779e-01 4.714521466564548291e+00
5.562402339904188864e-01 1.515296607065194312e+00
7.197427968948677535e-02 4.925871614563097189e+00
2.398477591475861592e-01 3.148162224003809406e+00
3.173624093221607545e-01 3.807776166533176188e+00
6.297175070215644821e-01 3.508525208260878436e+00
2.632967704871109760e-01 5.044720888925787072e+00
1.936695787029707461e-02 3.001565037940997271e+00
1.988013383979558846e-02 3.812407317090166003e+00
1.020833456475182255e-01 4.035737661958088474e+00
9.786708088394000526e-01 2.752522106817368197e+00
3.236116762330462082e-01 4.505651003313625225e+00
9.508480817160999132e-01 2.278680489506611728e+00
1.023344288278258407e-01 3.160825431007118436e+00
2.552130135930211208e-02 3.336218897692210028e+00
7.197427968948677535e-02 4.356610559035440922e+00
3.102763822111521130e-01 4.813771322496076976e+00
2.652751021315737368e-01 5.174752349446918309e+00
5.243059692689107376e-02 5.171963810921642590e+00
6.297175070215644821e-01 3.592785118956929757e+00
4.309116235499559355e-01 2.533205040522991336e+00
1.988013383979558846e-02 3.193691800627370458e+00
9.034019152878834946e-01 4.178288821755284488e+00
1.662459753437316445e-01 4.445040035729125982e+00
1.936695787029707461e-02 3.076446784462057327e+00
9.888610889064947118e-01 2.703204991625287157e+00
1.023344288278258407e-01 3.530557263207038776e+00
1.936695787029707461e-02 3.012225408836879392e+00
1.413619547518107922e-02 3.196441460387523747e+00
9.922693356759835215e-01 1.613807977252775139e+00
4.170220047025740007e-01 1.952355254224404701e+00
3.977838157940257191e-01 3.326902744245642030e+00
4.181931608790989685e-02 2.522551372772321443e+00
1.936695787029707461e-02 3.571386736238514104e+00
4.333453529456263165e-01 3.183126019617859459e+00
9.897060556717436342e-01 2.761567023033370205e+00
5.562402339904188864e-01 1.536683457297297384e+00
2.552130135930211208e-02 3.293842092658688880e+00
5.562402339904188864e-01 1.657828036071292255e+00
1.088007503681570620e-02 4.216873694769110337e+00
9.508480817160999132e-01 2.231976011051704845e+00
4.212141434039901045e-02 2.756006355802902430e+00
9.034019152878834946e-01 3.823320768596467190e+00
2.552130135930211208e-02 2.763738401824030078e+00
9.811048397565849122e-01 1.989139832230399252e+00
1.936695787029707461e-02 2.988863986883141255e+00
1.936695787029707461e-02 3.092128417799903328e+00
4.170220047025740007e-01 2.273388341136342028e+00
5.920035545128778942e-01 9.702805481708230984e-01
9.922693356759835215e-01 1.462668866763943809e+00
1.822814129482581286e-02 3.439169997423646041e+00
4.456715206867555290e-01 2.522150877554769632e+00
1.088007503681570620e-02 4.105651752560095957e+00
2.586035350766069385e-03 2.849762861611869980e+00
5.566789763231172472e-01 1.031454064093630274e+00
8.843794895383261245e-02 2.335529042867266813e+00
4.181931608790989685e-02 2.213285760581618078e+00
5.275797250797187310e-03 3.505512169703205672e+00
1.936695787029707461e-02 3.112405443111373682e+00
1.047050115832674766e-02 3.746968652308075853e+00
5.058476249641175038e-03 2.500779163186986231e+00
5.256554572718452611e-03 3.031952236479686480e+00
9.508480817160999132e-01 2.528053511699558609e+00
2.193307150347501011e-02 3.491926357102522083e+00
9.366594176359365198e-01 2.111434472039332544e+00
1.088007503681570620e-02 3.559328127078799753e+00
1.936695787029707461e-02 3.696480075820325784e+00
5.320887568487676633e-01 1.029528289399233465e+00
4.182403172957841614e-02 2.099293788161995966e+00
3.497500886238753548e-01 2.042323826571745826e+00
5.275901475899147722e-03 3.464270183834615047e+00
5.507081045244568429e-01 2.016438886085350823e+00
9.800819798830976426e-01 1.196614138955510276e+00
4.170220047025740007e-01 2.157696450273039357e+00
4.279356491838721688e-01 2.424434034586691933e+00
4.170220047025740007e-01 1.698845946505639803e+00
5.562402339904188864e-01 1.533614765060871798e+00
4.060726334903547174e-02 3.029486539808241563e+00
4.211669869873049116e-02 2.816743501476892675e+00
5.566789763231172472e-01 1.025057054254989497e+00
2.585931127148965916e-03 2.890909655933045386e+00
4.225541341685360441e-01 1.437667903553575988e+00
5.644886172652044953e-01 1.530579334133042035e+00
4.212141434039901045e-02 2.554074042924415089e+00
4.723782011907706746e-03 2.874980282618846417e+00
6.109163290863706131e-01 1.276102454415048992e+00
5.562402339904188864e-01 1.517756326623264318e+00
5.687051100499587175e-01 1.407231120547219216e+00
3.671552956177331906e-02 1.599801602257956423e+00
5.029611763356287568e-01 2.063650461772125411e+00
4.181931608790989685e-02 2.198763578460031898e+00
3.687541808466521243e-01 1.932985010402614723e+00
4.225541341685360441e-01 1.417577593478378750e+00
5.813811688381067544e-01 1.482687179217286433e+00
2.552130135930211208e-02 2.737657248945570831e+00
4.348309895639620448e-01 1.650207588368129308e+00
5.320887568487676633e-01 1.029873888181753738e+00
1.117943049797869570e-01 1.942714327831795762e+00
5.061527934324658862e-01 2.124429108714035230e+00
6.485037114574074280e-02 2.675997977322535970e+00
5.566789763231172472e-01 1.050740917155736920e+00
6.263888541092524354e-02 2.393262830812752817e+00
2.585931127148965916e-03 2.879503672661809066e+00
2.388084034987425497e-02 2.389448129458968229e+00
5.256554572718452611e-03 3.104310511664506222e+00
5.031173591176394400e-01 1.850979459898214774e+00
5.566789763231172472e-01 1.031109695254941672e+00
4.340352560114011382e-01 2.119239205377531743e+00
5.520866662214287679e-01 1.408421096515473980e+00
5.919217731575688868e-01 9.527138897394761274e-01
4.285294707900098032e-01 2.498098331432802688e+00
3.666069347644679288e-01 1.370157450612962791e+00
5.377057838666280398e-01 1.059875079376309204e+00
2.585931127148965916e-03 2.264688123870946868e+00
5.920035545128778942e-01 1.310209009463245700e+00
1.135994899259931967e-01 3.046651832096134438e+00
4.225541341685360441e-01 1.899973291908821249e+00
9.478897390073059981e-02 1.519850967550263832e+00
3.922898872194158226e-03 2.100124038419720840e+00
5.567607576784262546e-01 1.040223043881755904e+00
5.462822318145710287e-03 1.950462846043022003e+00
3.907423980270705033e-02 2.155052475312035476e+00
3.263199014771867024e-02 1.574059788166237261e+00
5.320887568487676633e-01 1.609811776583847998e+00
4.225541341685360441e-01 1.113458989479185535e+00
2.335924597640960665e-03 1.777677877704042952e+00
2.586035350766069385e-03 2.298050878999220892e+00
1.000656462201848507e-01 1.594433331802899811e+00
3.632657756449306913e-02 1.806183823580083336e+00
5.919217731575688868e-01 9.541500729057157404e-01
3.421080293147941292e-02 2.704176303905310164e+00
3.259166682584827696e-02 1.632843723707465333e+00
3.666069347644679288e-01 1.384964299396901577e+00
7.428565461910471845e-02 2.588637971240060676e+00
5.705688270038968835e-01 8.457842881557949832e-01
9.230585937202256952e-02 1.581836795213708680e+00
5.320887568487676633e-01 1.017348102982151836e+00
3.613311218452737172e-01 1.325027545064147994e+00
5.920035545128778942e-01 1.038655031877764534e+00
5.566789763231172472e-01 1.031458081122550441e+00
5.139462000643784528e-03 1.775967095572109411e+00
2.663835793393314402e-03 2.244514580487756650e+00
1.117943049797869570e-01 1.948606281880986613e+00
5.920035545128778942e-01 1.250521878573597645e+00
4.439070803222076034e-01 1.532597038579214255e+00
5.702889774120110944e-03 2.290198939513942822e+00
5.566789763231172472e-01 1.043343191245341917e+00
3.613311218452737172e-01 1.474683659684504544e+00
2.407696430740296697e-03 1.747364019939282809e+00
4.114669864730355897e-01 1.125001863721964757e+00
9.478897390073059981e-02 1.433239951997220096e+00
5.705688270038968835e-01 8.332231262355018764e-01
9.614701668789032984e-02 1.685326018020356642e+00
2.335924597640960665e-03 1.448538963907291643e+00
3.659143926598960594e-01 1.300611917274723472e+00
1.036655376486211866e-02 1.552912703355057600e+00
5.320887568487676633e-01 1.290721327055673884e+00
3.666069347644679288e-01 1.218248348287728433e+00
3.282656539315831346e-02 2.105837644979987378e+00
2.144163037757296220e-02 1.920803057636030431e+00
5.919217731575688868e-01 1.071524844769605300e+00
3.671552956177331906e-02 1.630284258408914999e+00
3.535749304568435586e-02 1.360075360458499860e+00
5.919217731575688868e-01 1.300753412816963550e+00
2.864351646219998049e-02 1.568722404186248198e+00
3.644593480130995378e-01 2.034091492541289181e+00
3.922898872194158226e-03 1.835582099993363414e+00
3.703020589720259353e-02 1.922106579536172921e+00
8.319671857960767025e-02 1.266524151020731903e+00
3.482311783597669130e-01 1.188829332183265919e+00
3.668946513937368370e-01 1.318022112705081739e+00
4.715889738531840042e-02 1.746691598380999189e+00
3.599861520949249605e-01 1.366638163908788561e+00
6.590058015284519510e-04 2.124911632313382981e+00
5.320887568487676633e-01 1.236919277834106046e+00
5.320887568487676633e-01 1.127807783711858747e+00
5.705688270038968835e-01 1.196699538322484768e+00
5.237086781847676287e-01 9.423066620607372101e-01
6.050217166474376462e-01 1.231530964178985554e+00
3.863482783370532636e-01 1.202920075722265558e+00
2.335924597640960665e-03 1.461500065806904614e+00
9.397392198536108632e-03 1.548643439156431212e+00
3.702537939299388459e-02 1.489361161787169152e+00
2.335924597640960665e-03 1.487142848063969902e+00
3.613311218452737172e-01 1.231889264001002182e+00
3.535749304568435586e-02 1.352151263900708056e+00
2.335924597640960665e-03 1.458813793286678262e+00
5.707038934476647007e-01 8.230156663306116283e-01
5.919217731575688868e-01 9.330994930731321135e-01
2.335924597640960665e-03 1.471723096106656969e+00
3.482311783597669130e-01 1.150191768016356253e+00
1.730296193966496254e-02 1.429883096148639510e+00
2.335924597640960665e-03 1.454393985439928594e+00
5.320887568487676633e-01 8.789003976967688647e-01
5.801663324545364153e-01 9.750165021003600607e-01
3.151153139954562810e-02 1.305411159054905124e+00
5.319536904049999571e-01 1.028099142117545162e+00
5.237086781847676287e-01 9.687960111469648972e-01
5.705688270038968835e-01 8.297642301978864765e-01
3.613311218452737172e-01 1.371985809031622594e+00
4.143219551556354130e-01 1.123807797319017920e+00
2.335924597640960665e-03 1.448296535237855842e+00
5.705688270038968835e-01 9.834630264066615002e-01
3.386336729122794709e-01 1.102944242834398958e+00
3.907680808920692694e-01 1.237576618769936632e+00
3.535749304568435586e-02 1.360043387089099332e+00
5.705688270038968835e-01 8.001784221958485599e-01
2.335924597640960665e-03 1.281899923365460658e+00
2.335924597640960665e-03 1.463193598952014840e+00
4.350364325324803660e-01 9.673852121810108118e-01
5.516506647826986409e-01 8.845268798673434629e-01
3.443566109818072679e-02 1.353206685445986546e+00
6.590058015284519510e-04 1.593885400567708555e+00
2.335924597640960665e-03 1.449216142991697875e+00
6.258826419009932973e-03 1.414444957178707662e+00
5.705688270038968835e-01 8.330979801758046088e-01
5.237051302998920743e-01 8.922719485249185345e-01
5.320887568487676633e-01 1.020209962070753207e+00
2.335924597640960665e-03 1.443436673231828893e+00
5.707038934476647007e-01 8.231064142003003958e-01
5.182134668972188107e-02 1.239247836780082546e+00
1.908227995396732241e-03 2.058665569288485209e+00
5.705688270038968835e-01 1.393710953836724942e+00
2.335924597640960665e-03 1.410398714019605704e+00
3.402784661420585888e-01 1.104806758805738198e+00
3.482311783597669130e-01 1.148806685319337495e+00
5.320923047336432177e-01 9.591644048385750132e-01
5.327786513002117363e-01 8.853333297720550332e-01
5.705688270038968835e-01 7.988825021351566580e-01
5.182134668972188107e-02 1.271961277247967814e+00
2.056664253218054572e-02 1.641265682382209157e+00
3.402784661420585888e-01 1.143278822600138023e+00
5.846781170244574888e-01 1.719279418735127685e+00
5.640891017566080495e-02 1.729994904873841888e+00
3.319760859642925110e-01 1.104970301371071217e+00
7.015838750586722052e-04 1.712002250271716264e+00
5.320887568487676633e-01 8.930739723755990456e-01
1.068166211362159279e-02 1.736603091802689347e+00
3.386336729122794709e-01 1.124772779044099558e+00
2.335924597640960665e-03 1.422646677999614306e+00
5.619179839026289258e-01 1.366447197171211991e+00
5.707038934476647007e-01 7.804864399427090538e-01
4.668123843935223505e-03 1.267114794287081292e+00
2.833160679136213778e-04 1.574127303428587199e+00
5.773614804002100698e-01 8.785002523968706845e-01
2.293348845317783827e-03 1.319306409327910545e+00
5.707038934476647007e-01 8.232352063712701229e-01
2.335924597640960665e-03 1.577273164536679539e+00
4.350364325324803660e-01 9.390624009111276926e-01
3.066201936612731327e-01 1.092549558400024212e+00
5.705688270038968835e-01 7.992729992602450872e-01
3.344043090927177886e-01 1.002661743873532130e+00
5.705688270038968835e-01 7.989339141477800332e-01
5.707038934476647007e-01 1.058192813330661508e+00
3.319760859642925110e-01 1.155755705506255726e+00
6.079884489962300576e-02 1.265691537120785526e+00
8.716354708055554235e-02 1.286933577538498463e+00
3.386336729122794709e-01 1.073571276330634428e+00
2.833160679136213778e-04 1.615830162816270565e+00
1.001215803919037420e-03 1.351226820245382765e+00
8.319671857960767025e-02 1.274916788428883452e+00
5.682756703212400451e-01 9.365087112532726188e-01
3.386336729122794709e-01 1.104130734584282791e+00
2.833160679136213778e-04 1.239865567750348285e+00
6.590058015284519510e-04 1.531513546438425744e+00
3.313321421278557777e-01 1.070817372317429905e+00
5.197820247648867742e-01 9.209758800849406901e-01
9.235208235303271618e-03 1.251776504427531966e+00
5.677842859345916260e-01 1.120810989943409997e+00
4.350364325324803660e-01 9.121887127991253896e-01
3.386336729122794709e-01 1.077710046311032732e+00
3.795154013120449754e-02 1.331664799142267652e+00
4.159620747616558645e-01 9.627563727264587534e-01
1.696603809998745160e-02 1.330179036402633352e+00
3.395141024610394131e-01 1.074900486231007868e+00
3.037832384572727307e-01 1.080067319651834890e+00
1.490679291339674917e-02 1.257588651057395923e+00
5.182134668972188107e-02 1.247515610204295911e+00
1.001215803919037420e-03 1.375356999481757825e+00
5.438704795340318920e-01 8.116311484593173864e-01
5.796860403934478434e-02 1.305348803466024998e+00
3.216388150153610681e-01 1.011619420839210415e+00
3.057397641125131349e-01 1.096212580154023009e+00
2.911636483081959659e-01 1.160328487716291601e+00
6.590058015284519510e-04 1.335821563332337369e+00
2.134147944132686048e-02 1.518919674666274755e+00
3.319760859642925110e-01 1.306126292469420136e+00
5.182134668972188107e-02 1.226079399041182016e+00
5.280519464555276377e-02 1.180275907553863357e+00
2.833160679136213778e-04 1.594641703934131183e+00
5.705688270038968835e-01 7.744433831007165869e-01
3.048741988161812189e-01 1.096093631004618763e+00
4.119482055976319002e-01 9.537181549587548934e-01
5.182134668972188107e-02 1.286051851516873068e+00
5.707038934476647007e-01 8.000555243264704242e-01
5.237051302998920743e-01 9.279747309892116824e-01
2.833160679136213778e-04 1.193835590308909955e+00
4.159620747616558645e-01 9.983564696484705792e-01
3.028151701016774666e-01 1.174245460952170417e+00
2.833160679136213778e-04 1.232520997487019265e+00
4.350364325324803660e-01 9.628898187751773197e-01
2.799490873267653224e-01 1.206640811025675886e+00
3.384181782567418084e-01 9.890447225452793090e-01
3.057397641125131349e-01 1.050391335210556498e+00
2.833160679136213778e-04 1.234890257194448004e+00
5.182134668972188107e-02 1.260848860700175988e+00
5.705688270038968835e-01 1.170953817835074018e+00
2.833160679136213778e-04 1.232416245372754515e+00
3.034838412817300046e-01 1.097589927314271296e+00
7.433667604248800354e-02 1.119659340272175285e+00
5.705688270038968835e-01 9.397712663125903365e-01
5.182134668972188107e-02 1.247857880511219486e+00
7.991232615477453227e-02 1.230379864766119935e+00
1.562649562946240994e-03 1.182826574907310135e+00
5.189038687080030909e-01 9.507679340259239664e-01
4.058678897743137060e-02 1.277442723060459029e+00
5.705688270038968835e-01 7.667041637251715835e-01
2.799490873267653224e-01 1.208220849772065897e+00
2.914630454837386919e-01 1.142711869808202829e+00
5.495585851048780945e-01 8.098680054434090891e-01
2.833160679136213778e-04 1.321230947750617446e+00
4.350364325324803660e-01 8.888843095154393970e-01
5.439738658949250238e-01 7.444388530334021814e-01
5.237051302998920743e-01 8.994982336680332757e-01
2.847503489373935937e-01 1.185135242490979568e+00
5.182134668972188107e-02 1.251321653464374517e+00
3.384181782567418084e-01 9.892849658451401407e-01
5.439738658949250238e-01 7.372373777610806700e-01
3.385878037650926764e-01 1.011891000027545173e+00
3.740219936324562511e-03 1.251355061056626194e+00
4.350364325324803660e-01 8.888765442096075997e-01
3.364738047134208099e-01 1.129218802256500176e+00
1.176282757289474901e-03 1.213245153655593489e+00
5.430918091331193853e-01 7.782357417534271349e-01
5.712252623550410080e-01 7.749743435814059334e-01
8.746093919082742474e-02 1.182009133095590414e+00
3.048322151863173124e-01 1.012697582135233088e+00
4.350364325324803660e-01 9.117047422609171337e-01
7.417044222116711549e-02 1.103500065203369740e+00
5.883381411855506116e-01 6.970988373399289451e-01
5.280519464555276377e-02 1.180276435660395862e+00
3.054282148250510032e-01 9.839701444827387844e-01
7.489791214887102366e-02 1.155226118370247246e+00
3.066218208796628319e-01 1.017044518240260320e+00
3.377617429069419419e-01 1.023585880019380667e+00
3.995032663521098648e-01 9.604876399914087370e-01
5.147640335439510051e-02 1.262339179715053827e+00
5.883381411855506116e-01 7.201845865483027520e-01
7.417044222116711549e-02 1.114056660527915854e+00
4.159676694854265722e-01 9.390086758840072712e-01
2.833160679136213778e-04 1.225386748404375448e+00
6.016899632670019704e-02 1.127345688793776057e+00
1.841782367836847234e-02 1.213372421984912686e+00
5.883381411855506116e-01 6.975827117760796670e-01
3.054282148250510032e-01 1.070260877993284732e+00
4.359942212957215180e-01 9.066318025476681752e-01
5.441494391912311546e-01 7.635350683015146300e-01
3.057397641125131349e-01 1.026511110800517823e+00
5.439738658949250238e-01 7.444305948908493953e-01
7.198292990591714791e-02 1.150640097080970481e+00
4.350364325324803660e-01 8.598141613753801371e-01
5.466197547155526859e-01 8.655121543979445997e-01
4.018601711666723308e-01 9.616519578446690586e-01
2.833160679136213778e-04 1.189492905706036163e+00
3.034838412817300046e-01 9.971551859304091936e-01
5.421340203698782334e-01 7.581008732888008250e-01
5.319131835524615326e-01 9.434173843506845625e-01
7.417044222116711549e-02 1.151920469778104028e+00
5.883381411855506116e-01 7.064173375713307390e-01
3.995032663521098648e-01 9.337469031038220235e-01
1.371572204337068168e-02 1.188519175359982860e+00
4.456005086059499076e-01 8.487172968575713572e-01
2.833160679136213778e-04 1.187361069226304799e+00
7.417044222116711549e-02 1.143136109265346700e+00
7.444503544339928225e-02 1.156684942453904297e+00
5.320887568487676633e-01 7.884889099723618733e-01
3.034838412817300046e-01 1.087967055362327518e+00
4.159676694854265722e-01 9.451367108118159388e-01
5.870509370230823087e-01 6.945556232634801930e-01
5.777740651120808479e-01 6.942291363740576982e-01
5.883381411855506116e-01 6.999470694582745622e-01
5.439738658949250238e-01 7.185073609635186376e-01
8.472016639993959486e-04 1.139378463785158724e+00
5.320887568487676633e-01 8.574791261048617663e-01
5.827141780190773224e-01 7.034694629844506775e-01
3.995032663521098648e-01 9.946009468492031935e-01
2.926115128679417920e-01 1.022546969858179056e+00
2.833160679136213778e-04 1.173868899271892419e+00
5.264933662305938400e-01 8.370402612775911244e-01
3.092859579463912989e-01 1.010327123458336418e+00
3.760923963453052798e-04 1.173151749596743398e+00
5.752726150559107632e-01 7.451008023387170054e-01
7.981193044472645326e-02 1.111245739511835362e+00
3.967113745536192670e-01 9.332194952691046375e-01
8.207203569127399789e-02 1.102675365034331056e+00
5.777740651120808479e-01 7.081053537226893457e-01
4.050986569702837437e-01 9.826261241721632178e-01
3.382507149313874750e-01 1.054758164204331550e+00
7.725580704477344463e-02 1.126878034252053906e+00
3.043898349379910995e-01 1.003429437014586201e+00
5.722567352393592710e-01 7.002580131099976901e-01
5.854555100355604558e-02 1.187340496063544526e+00
5.242649181587945018e-01 8.563232258855991708e-01
3.054282148250510032e-01 9.838863540821155551e-01
4.456005086059499076e-01 8.282032895844126941e-01
5.870509370230823087e-01 7.181157758886570486e-01
5.777740651120808479e-01 7.443264085968565036e-01
5.778055909841830484e-01 6.838376760980797719e-01
8.930743495617003702e-03 1.152283790551396736e+00
3.021140261915875591e-01 9.781799455236976915e-01
2.833160679136213778e-04 1.190093490264474418e+00
5.320887568487676633e-01 7.997950106131022086e-01
4.861740790323966221e-01 8.126044743836859929e-01
2.837225308948881364e-01 1.104996888584722337e+00
8.472016639993959486e-04 1.188853428657814071e+00
5.722252093672570705e-01 7.424480293037186707e-01
1.147225832747921226e-01 1.103984069369692511e+00
6.154487795854313159e-02 1.227733093227256989e+00
2.926115128679417920e-01 1.006101262991837553e+00
4.350364325324803660e-01 8.610664857699069641e-01
1.000592424948264503e-01 1.133145970106698597e+00
5.870509370230823087e-01 6.901751103946089927e-01
5.637351764493916395e-01 6.992302148211055890e-01
2.926115128679417920e-01 9.699496923663663006e-01
3.967113745536192670e-01 9.244919967486842083e-01
5.450997842835685336e-01 7.617309264046758788e-01
8.207203569127399789e-02 1.137507319958325880e+00
2.833160679136213778e-04 1.175724928938532310e+00
4.350364325324803660e-01 8.655046514072702868e-01
3.332921411350331375e-05 1.164710172095366980e+00
2.926115128679417920e-01 9.707749795689567529e-01
5.870509370230823087e-01 6.802441199138280492e-01
4.861740790323966221e-01 8.023742465903999088e-01
6.816078262456252979e-02 1.122533161904686771e+00
3.967113745536192670e-01 9.022918474396195432e-01
2.833160679136213778e-04 1.295388179940648810e+00
3.967113745536192670e-01 9.368959259460729605e-01
5.778055909841830484e-01 6.821775501333499081e-01
6.672383917689261867e-01 5.973061168528994713e-01
8.760920764265070493e-02 1.077455880514927911e+00
1.147225832747921226e-01 1.109640673619400220e+00
2.833160679136213778e-04 1.182435433218201659e+00
2.846239954794105298e-01 9.758845119030422621e-01
2.025438016762651228e-02 1.154567936232706815e+00
8.207203569127399789e-02 1.098848974312613525e+00
4.350364325324803660e-01 8.516005456082536007e-01
4.905830734226417356e-01 7.930291429090042810e-01
5.320887568487676633e-01 7.857665820329167161e-01
8.760920764265070493e-02 1.070043315983573828e+00
6.672383917689261867e-01 5.950299154503027044e-01
4.636956406805882169e-01 1.006033847598807984e+00
3.332921411350331375e-05 1.131337850073798723e+00
6.016899632670019704e-02 1.130589570850549563e+00
5.318208850583212577e-01 7.314085116360521388e-01
5.913159975585458028e-02 1.133011384236890740e+00
5.870509370230823087e-01 6.803249251381793261e-01
8.990546636441479333e-02 1.076036417996124817e+00
3.967113745536192670e-01 9.111265791679046266e-01
5.637351764493916395e-01 6.933914121609554559e-01
2.926115128679417920e-01 9.720957971337833570e-01
4.866396980665627092e-01 7.839437372042322716e-01
4.546516876558979181e-01 8.026136804844740125e-01
3.967113745536192670e-01 8.731754444532509041e-01
4.458683803963963133e-01 8.851544813396257094e-01
5.144715543083634435e-01 7.675614027770870651e-01
6.244155505204392886e-01 6.586288613668745962e-01
2.903154138488798774e-01 9.718609289562326614e-01
5.437371115533856658e-01 7.424700392203134047e-01
5.416780743219095084e-01 7.305100920569260747e-01
4.350364325324803660e-01 8.277020676754299755e-01
6.655978498486616601e-01 6.057911590361213516e-01
3.333671728629400421e-01 9.343335183638685759e-01
3.332921411350331375e-05 1.131363582277371105e+00
5.988580399553058431e-01 6.388208121163527764e-01
5.439738658949250238e-01 7.190413783619314936e-01
4.546516876558979181e-01 8.009784201591441111e-01
5.638323205801454296e-01 6.624160632747286837e-01
5.147083086499028015e-01 7.458711935473869570e-01
2.817864000179629014e-01 9.756340918473704882e-01
8.760920764265070493e-02 1.092926844310609713e+00
3.579837662142321131e-01 8.968161166346770852e-01
1.147723410836637425e-02 1.127821860131289711e+00
2.926115128679417920e-01 9.639338665429463271e-01
1.132495924203860971e-01 1.093875319028949855e+00
5.427889676613832926e-01 7.258906949469298153e-01
2.846239954794105298e-01 9.979509118730287565e-01
5.869537928923285186e-01 7.109886958251365741e-01
3.333671728629400421e-01 9.275014286142946318e-01
8.760920764265070493e-02 1.101753924422802955e+00
4.611647412805653934e-01 7.752329668094555259e-01
2.817864000179629014e-01 1.001753999140488016e+00
4.342703613840299126e-01 7.991389305633328499e-01
3.375111534168071525e-01 9.197582630242833179e-01
4.427806023619588194e-01 8.069059099116985267e-01
6.671940931767276206e-01 5.711704216655604238e-01
3.332921411350331375e-05 1.119053999136828903e+00
2.846338452392160323e-01 9.338501256398988870e-01
6.672383917689261867e-01 6.088572188729675094e-01
5.988580399553058431e-01 6.300552302023010309e-01
6.639201093162160339e-01 5.939104878156146183e-01
3.332921411350331375e-05 1.141970085254848666e+00
3.628500136846811164e-01 8.915203888370002439e-01
4.308924519786132556e-01 8.074003651668779646e-01
9.949071180518187507e-02 1.067455123548029405e+00
6.656421484408602263e-01 6.366540111165670535e-01
3.579837662142321131e-01 8.418097246405592537e-01
5.609848754594948250e-01 7.068393143749397423e-01
4.611647412805653934e-01 8.118246978947653014e-01
8.503905602751174464e-02 1.029597547030661975e+00
5.992563579950942465e-01 6.064535588890553885e-01
6.639201093162160339e-01 5.055706178719986399e-01
8.806597843475097442e-02 1.140965394908958208e+00
3.332921411350331375e-05 1.078186616585023794e+00
5.476094175459210733e-01 6.951274869030164005e-01
6.644137799439249203e-01 6.096480334021993075e-01
3.216172047387607091e-01 9.699776020115969954e-01
3.375111534168071525e-01 8.874782779669468935e-01
4.561533003896722782e-04 1.193809843154115979e+00
2.842355275405189508e-01 9.569623836036983411e-01
6.671940931767276206e-01 5.824172987404320212e-01
5.259446473918628628e-01 6.871278888366071369e-01
9.949071180518187507e-02 1.110402835341242289e+00
3.742066692485516710e-01 8.090836341587688274e-01
3.402914666347404693e-01 8.934039350794108492e-01
4.342703613840299126e-01 7.967162467379513835e-01
1.322085837158029631e-02 1.114697715263658573e+00
6.262973379352074765e-01 6.650506006455586538e-01
6.611724599432221572e-01 5.023907651681899234e-01
3.332921411350331375e-05 1.107298414632382988e+00
3.375111534168071525e-01 9.093603642578239610e-01
5.018620812331846537e-01 7.902750383056573735e-01
6.640873387651398119e-01 5.645635309508744148e-01
5.147083086499028015e-01 7.386453782885936681e-01
5.259446473918628628e-01 7.260392002423843305e-01
4.743707250468223169e-01 7.564135311462276690e-01
6.020040073680880122e-01 6.041845271914927373e-01
4.611647412805653934e-01 7.628924374263514885e-01
3.579837662142321131e-01 8.435067218612740669e-01
2.817864000179629014e-01 9.753788690466382860e-01
5.638323205801454296e-01 6.621640689153653891e-01
6.023631124066821663e-01 6.408769677188074221e-01
8.503905602751174464e-02 1.024940039606747177e+00
6.639201093162160339e-01 5.056195701765634487e-01
3.243051696505612758e-01 9.063534716817095438e-01
3.737420173941417012e-01 8.266638012932995272e-01
3.375111534168071525e-01 8.863062459277835092e-01
5.259446473918628628e-01 6.873630848050422681e-01
6.619703156703319324e-01 5.580159287536282653e-01
2.656820600398990817e-01 9.908736397384749761e-01
6.020040073680880122e-01 6.128590990049747056e-01
8.135266738477667237e-02 1.065461266351756198e+00
3.375111534168071525e-01 8.817806638921116269e-01
5.897863536376776183e-01 5.850215209249691739e-01
6.782224877344314451e-02 1.110446945174559774e+00
6.616266128615170272e-01 6.345934546872058490e-01
5.338925810075116907e-01 6.303546723760815595e-01
6.758333633433282195e-01 4.743785467701102654e-01
4.603668855532480064e-01 7.156121615875997710e-01
6.070604722461622194e-01 6.288260537720649079e-01
5.296922461096945645e-01 6.399392275164534905e-01
5.147083086499028015e-01 7.753321607709270369e-01
3.832783555663014097e-01 8.583946946029997749e-01
3.547450937817241412e-01 8.533219634824253941e-01
5.635762639814663189e-01 6.470714082335796702e-01
2.756360778869315631e-03 1.166034185951225988e+00
2.671255107190501077e-01 9.985234417633019888e-01
3.579837662142321131e-01 9.058385242247721791e-01
8.503905602751174464e-02 1.040657115577617642e+00
3.332921411350331375e-05 1.093436321275328416e+00
6.758333633433282195e-01 4.751779497385641982e-01
5.259446473918628628e-01 7.832357199606830855e-01
5.907809075615404470e-01 5.732613869836676868e-01
2.656820600398990817e-01 9.646398145878888331e-01
1.414220965974669064e-02 1.148590920956810368e+00
8.503905602751174464e-02 1.037444380790867315e+00
6.756587864349203887e-01 4.664080794555333642e-01
3.233105192087274982e-01 9.075551571948382579e-01
4.603668855532480064e-01 7.039591307821874144e-01
6.611724599432221572e-01 4.867312898944414212e-01
5.296922461096945645e-01 7.102958253692577273e-01
3.243051696505612758e-01 8.765921812575200311e-01
4.332758074601666398e-01 7.899689652725169209e-01
8.135266738477667237e-02 1.104279737508681691e+00
4.291170269496451528e-01 7.375016080280392128e-01
2.817864000179629014e-01 9.534788448080793177e-01
5.899609305460853381e-01 6.059228076949655373e-01
2.856284956810498099e-01 9.326077286035137082e-01
8.135266738477667237e-02 1.037562101161102923e+00
1.851854023438348484e-03 1.076924730742598424e+00
7.559748807009264437e-02 1.050310839105480065e+00
5.870503212282184302e-01 6.066663160522297593e-01
5.338925810075116907e-01 6.373120490422881090e-01
6.611724599432221572e-01 4.573763805117049275e-01
3.332921411350331375e-05 1.094211389649671906e+00
5.907809075615404470e-01 5.757104075665167020e-01
5.897863536376776183e-01 5.762296577825813948e-01
9.003533484328271608e-02 1.036706685334720435e+00
6.756587864349203887e-01 4.290731549105760156e-01
4.816801200049220522e-01 6.842506757455434352e-01
5.994343861947133423e-01 5.701815754583575702e-01
5.296752337251849907e-01 7.209363595147691983e-01
2.656820600398990817e-01 9.977225758441189418e-01
8.135266738477667237e-02 1.104885176035686589e+00
6.756587864349203887e-01 4.537606017361035526e-01
3.547450937817241412e-01 8.449828819802831514e-01
4.291170269496451528e-01 7.390252217534107881e-01
4.553850564090353714e-01 6.800443620341619644e-01
5.270876830892976539e-01 6.148580223132102951e-01
6.756587864349203887e-01 4.659056390953212889e-01
4.783915975203089643e-01 6.702400370735509538e-01
8.071370599661337186e-02 1.030665377191095189e+00
3.596370628030198802e-03 1.141252754029572491e+00
6.756587864349203887e-01 4.498512812554842366e-01
8.503905602751174464e-02 1.021861052563324268e+00
4.291170269496451528e-01 7.444407460972878310e-01
7.149780910806921574e-02 1.076061642859140521e+00
3.742066692485516710e-01 8.127032675410471585e-01
6.637770229636177355e-01 4.800735528876478586e-01
4.291170269496451528e-01 7.043992471449219694e-01
8.121131501539435860e-02 1.061559097150780895e+00
4.394255604211825261e-01 7.569268684573411399e-01
3.284756912834644327e-01 8.342075709767007297e-01
2.656820600398990817e-01 9.770460531197826537e-01
4.553850564090353714e-01 6.832602424775274796e-01
6.611724599432221572e-01 4.488938545043376083e-01
5.560404918751566949e-01 6.001733995332257932e-01
1.851854023438348484e-03 1.071645298433630655e+00
8.503905602751174464e-02 1.025312678507510400e+00
2.659085371499005923e-01 9.648600056863902985e-01
7.559748807009264437e-02 1.050733195860981128e+00
3.323538689277478753e-01 8.305846238479709376e-01
5.871032362111392455e-01 5.630715743722845001e-01
6.757739386851018271e-01 4.356288148909477909e-01
2.656820600398990817e-01 9.505774581621426744e-01
3.332921411350331375e-05 1.079370030046832074e+00
4.249528852913851407e-01 7.472843727503675204e-01
6.611724599432221572e-01 4.484542186006540421e-01
3.562728810531533008e-01 8.221957647541433545e-01
4.781651204169040104e-01 6.718447700142203827e-01
5.994343861947133423e-01 5.596807819508982096e-01
9.299360370888520855e-04 1.078044998762198947e+00
9.688927968384206113e-02 1.032507560977815819e+00
4.782764452698845536e-01 6.639573775348628359e-01
5.560404918751566949e-01 6.151216132357896216e-01
5.270876830892976539e-01 6.368537342543967306e-01
6.510690544490465026e-01 4.776994307141985141e-01
2.757854719373818986e-01 9.461805131640500521e-01
5.994343861947133423e-01 5.657429592691152198e-01
2.656820600398990817e-01 9.622868602463038323e-01
4.238802207240678355e-01 7.373402592303771597e-01
3.332921411350331375e-05 1.056133524465142637e+00
4.097967360639198642e-01 7.234427057844203812e-01
6.510690544490465026e-01 4.810490086177796609e-01
3.749335663044180422e-01 8.208525085738618277e-01
8.653531142793005615e-02 1.055243554153300733e+00
6.756587864349203887e-01 4.410519912225737138e-01
1.974163986229748868e-02 1.059558311641239703e+00
8.503905602751174464e-02 1.016157658706015710e+00
3.742066692485516710e-01 7.982345607072132143e-01
6.521417190156494348e-01 4.877779573878291974e-01
4.782764452698845536e-01 6.646847736782990346e-01
6.949790772285828755e-01 4.074727240940083095e-01
5.270876830892976539e-01 6.148268216720125245e-01
4.283901298937788371e-01 6.920987677430620044e-01
1.647877270314797304e-03 1.045239927925042167e+00
4.249528852913851407e-01 7.361620334400008625e-01
5.477356162158085739e-01 6.143372148827968005e-01
5.595831716274163314e-01 5.844360286221940148e-01
5.900068915896006239e-03 1.135782790569712430e+00
4.529217188438293684e-01 6.884086301340718306e-01
3.276307290495503732e-01 8.474539718658216092e-01
2.838072447931561104e-01 9.305630665117020639e-01
7.010530331864437414e-01 5.029166947249625874e-01
8.503905602751174464e-02 1.053359945528748565e+00
4.113399661868687995e-01 7.012416831054933963e-01
5.844367185608516646e-01 5.120566150746217460e-01
3.742066692485516710e-01 7.970042700241796174e-01
6.914363974763192422e-01 4.238709343231172322e-01
2.654030884200863638e-01 8.688186576168840380e-01
6.764237808726764056e-01 4.509131240306463173e-01
3.640519515047039301e-01 8.260807909851656250e-01
8.686047339104664700e-02 1.021407727423474743e+00
3.182312125696171168e-01 8.086911227776973909e-01
6.495258243249478758e-01 4.969734949898106380e-01
4.310566475440663070e-01 7.326261411626338038e-01
3.332921411350331375e-05 1.057278514237713685e+00
7.789290850311070269e-02 1.033846273166998397e+00
2.654030884200863638e-01 8.686235945201370434e-01
7.037179592635085523e-01 5.180579227753122629e-01
4.915935632721923909e-01 6.493531725907182306e-01
4.097967360639198642e-01 7.581487334803347355e-01
5.347860049178283504e-01 5.891831820338148118e-01
2.014201293977127549e-02 1.048938442773219126e+00
3.742066692485516710e-01 7.591116543276825723e-01
5.844367185608516646e-01 5.219485729759784087e-01
6.536180866423017821e-02 1.025720844111564611e+00
3.742066692485516710e-01 7.979465276984105682e-01
7.670586814643398643e-02 1.005346781143493740e+00
3.499037595677989554e-03 1.060882469228957126e+00
3.182312125696171168e-01 8.054314591701775550e-01
1.647877270314797304e-03 1.036489299865491320e+00
3.182312125696171168e-01 8.431223226924344782e-01
4.678324872329138184e-01 6.741063803364953921e-01
6.611724599432221572e-01 4.901984135366722617e-01
2.638626125195702721e-01 8.718718777321853297e-01
4.090834197593622434e-01 7.805286440692909000e-01
2.661164047246867836e-01 8.607385187721466879e-01
3.182312125696171168e-01 8.116920862228798050e-01
1.526302914565184649e-03 1.045930393271346626e+00
2.669338239458954321e-01 8.691401488229028027e-01
6.949790772285828755e-01 4.354593900053551625e-01
5.709540463331330695e-01 5.432647595773228977e-01
4.915935632721923909e-01 6.369839918615055607e-01
3.742066692485516710e-01 7.558763247430765331e-01
7.610392344034000445e-01 3.574986633700452110e-01
7.846378899905240289e-02 1.005795566380533135e+00
5.601457306612388498e-01 6.172547952595683896e-01
4.097967360639198642e-01 7.096047061475698747e-01
1.677854008404537590e-04 1.045343509206867694e+00
4.907761440642026685e-01 6.385181277211462447e-01
2.638626125195702721e-01 8.453203483154809739e-01
9.029886104170789518e-02 1.040090708404458386e+00
3.182312125696171168e-01 8.306406496044466126e-01
7.670586814643398643e-02 1.008586301267331953e+00
6.799744977453170414e-04 1.046927847236199138e+00
4.547959976642342861e-01 6.894109228732661077e-01
6.489632652911253574e-01 4.565179197940304467e-01
6.490136442866639710e-02 1.022055127196957347e+00
8.465086288160567074e-02 1.000016818500742755e+00
2.638626125195702721e-01 8.578246317762947548e-01
3.182312125696171168e-01 8.048724232653899913e-01
5.354799686418768578e-01 5.788753280738768714e-01
3.182312125696171168e-01 8.037289137978960163e-01
3.671487544196894159e-01 7.648100974968576882e-01
7.610392344034000445e-01 3.737662448796486014e-01
5.830592013744519964e-01 5.309553140041867181e-01
1.828147930351155942e-03 1.059552656885261346e+00
3.662673493240261591e-01 7.636333524928134997e-01
5.270876830892976539e-01 5.922790176588909050e-01
5.709540463331330695e-01 5.580764761589780409e-01
6.806998443100670260e-01 4.259487547098356752e-01
2.993366906236099023e-01 8.133532025964793633e-01
1.647877270314797304e-03 1.055443555333252181e+00
4.241319218743304087e-01 7.158136893301773052e-01
4.097967360639198642e-01 7.182675964482225783e-01
1.370912338250501739e-02 1.046765857333630478e+00
6.536180866423017821e-02 1.020455312691136873e+00
6.949790772285828755e-01 4.056326482095075625e-01
1.647877270314797304e-03 1.035254036243573816e+00
7.508958368959139928e-01 3.635532605473457690e-01
5.844367185608516646e-01 5.275220592918483664e-01
2.514175339477288662e-01 9.174397982888344849e-01
6.367921824075927217e-01 4.550488520183741947e-01
3.182312125696171168e-01 8.037433734134677987e-01
4.678324872329138184e-01 6.701537529427409323e-01
3.742066692485516710e-01 7.468892719685055193e-01
4.907761440642026685e-01 6.406665430728242239e-01
5.922280489813063209e-01 5.190795510906516252e-01
3.843500522209096215e-01 7.782532891948952258e-01
3.332921411350331375e-05 1.058564136189815486e+00
6.614083708024309782e-01 4.366345257362562737e-01
2.760337007324907277e-01 8.499245662465796380e-01
6.949790772285828755e-01 4.130103117525713019e-01
5.693133208481033769e-01 5.474032832832553819e-01
3.332921411350331375e-05 1.079001163459938795e+00
6.421638603255934719e-01 4.747402634533956500e-01
3.662673493240261591e-01 7.660838926410077354e-01
4.661497348906923355e-01 6.550520108102989569e-01
6.274657441744890818e-02 1.024060651099623520e+00
7.610392344034000445e-01 3.599396557420684317e-01
4.955119006705376861e-01 6.343684012511817683e-01
6.367921824075927217e-01 4.522149856330458517e-01
8.465086288160567074e-02 1.001435059403104955e+00
2.514175339477288662e-01 9.063942765792460943e-01
4.997745243143097427e-01 6.338168271998330106e-01
6.367921824075927217e-01 4.805802935843138668e-01
3.742066692485516710e-01 7.452335566127751276e-01
2.655453648659591437e-01 8.598517003322501129e-01
6.977689048138995265e-01 4.029522768396209265e-01
3.332921411350331375e-05 1.055608972206923513e+00
7.461600801457719534e-01 3.702161807344013233e-01
2.514175339477288662e-01 8.952888384789832177e-01
7.610392344034000445e-01 3.568868739868401585e-01
2.638626125195702721e-01 8.553513555781517841e-01
5.008089978415924959e-03 1.049973340460609750e+00
7.508958368959139928e-01 3.382601809735689136e-01
5.844367185608516646e-01 5.120888292531342589e-01
