6.244155505204392886e-01 6.586288613668745962e-01
6.616266128615170272e-01 6.345934546872058490e-01
4.861740790323966221e-01 8.023742465903999088e-01
4.546516876558979181e-01 8.026136804844740125e-01
4.905830734226417356e-01 7.930291429090042810e-01
5.018620812331846537e-01 7.902750383056573735e-01
5.430918091331193853e-01 7.782357417534271349e-01
5.259446473918628628e-01 7.832357199606830855e-01
2.671255107190501077e-01 9.985234417633019888e-01
2.846239954794105298e-01 9.758845119030422621e-01
2.926115128679417920e-01 9.707749795689567529e-01
3.216172047387607091e-01 9.699776020115969954e-01
8.760920764265070493e-02 1.070043315983573828e+00
9.949071180518187507e-02 1.067455123548029405e+00
3.333671728629400421e-01 9.343335183638685759e-01
3.375111534168071525e-01 8.874782779669468935e-01
5.870509370230823087e-01 6.945556232634801930e-01
5.869537928923285186e-01 7.109886958251365741e-01
5.439738658949250238e-01 7.444305948908493953e-01
5.722252093672570705e-01 7.424480293037186707e-01
6.655978498486616601e-01 6.057911590361213516e-01
6.671940931767276206e-01 5.711704216655604238e-01
6.644137799439249203e-01 6.096480334021993075e-01
4.456005086059499076e-01 8.282032895844126941e-01
4.350364325324803660e-01 8.516005456082536007e-01
3.967113745536192670e-01 8.731754444532509041e-01
8.135266738477667237e-02 1.104885176035686589e+00
3.332921411350331375e-05 1.131337850073798723e+00
1.147723410836637425e-02 1.127821860131289711e+00
6.016899632670019704e-02 1.127345688793776057e+00
7.417044222116711549e-02 1.114056660527915854e+00
7.981193044472645326e-02 1.111245739511835362e+00
6.816078262456252979e-02 1.122533161904686771e+00
