3.319760859642925110e-01 1.155755705506255726e+00
3.364738047134208099e-01 1.129218802256500176e+00
3.386336729122794709e-01 1.077710046311032732e+00
3.395141024610394131e-01 1.074900486231007868e+00
4.159620747616558645e-01 9.627563727264587534e-01
4.050986569702837437e-01 9.826261241721632178e-01
5.189038687080030909e-01 9.507679340259239664e-01
5.705688270038968835e-01 8.330979801758046088e-01
5.707038934476647007e-01 8.231064142003003958e-01
5.237086781847676287e-01 9.423066620607372101e-01
5.682756703212400451e-01 9.365087112532726188e-01
2.833160679136213778e-04 1.193835590308909955e+00
4.561533003896722782e-04 1.193809843154115979e+00
