4.170220047025740007e-01 1.698845946505639803e+00
4.182403172957841614e-02 2.099293788161995966e+00
3.907423980270705033e-02 2.155052475312035476e+00
3.687541808466521243e-01 1.932985010402614723e+00
1.117943049797869570e-01 1.942714327831795762e+00
9.922693356759835215e-01 1.613807977252775139e+00
5.562402339904188864e-01 1.657828036071292255e+00
1.936695787029707461e-02 3.001565037940997271e+00
5.256554572718452611e-03 3.104310511664506222e+00
2.552130135930211208e-02 2.763738401824030078e+00
