7.508958368959139928e-01 3.382601809735689136e-01
3.332921411350331375e-05 1.055608972206923513e+00
2.514175339477288662e-01 8.952888384789832177e-01
8.465086288160567074e-02 1.000016818500742755e+00
5.844367185608516646e-01 5.120566150746217460e-01
5.270876830892976539e-01 5.922790176588909050e-01
3.182312125696171168e-01 8.037289137978960163e-01
2.638626125195702721e-01 8.453203483154809739e-01
6.367921824075927217e-01 4.522149856330458517e-01
7.461600801457719534e-01 3.702161807344013233e-01
4.661497348906923355e-01 6.550520108102989569e-01
3.662673493240261591e-01 7.636333524928134997e-01
4.283901298937788371e-01 6.920987677430620044e-01
4.097967360639198642e-01 7.096047061475698747e-01
6.614083708024309782e-01 4.366345257362562737e-01
3.742066692485516710e-01 7.452335566127751276e-01
1.647877270314797304e-03 1.035254036243573816e+00
6.977689048138995265e-01 4.029522768396209265e-01
6.274657441744890818e-02 1.024060651099623520e+00
4.997745243143097427e-01 6.338168271998330106e-01
