7.508958368959139928e-01 1.205178799021713876e-01 4.716323329283066135e-02 1.063696067178147991e-01 1.076453514207889595e-02 1.569878195085304406e-02 3.813759936629959602e-02 3.328989499768620491e-02 2.750642155989698953e-02 7.802900856162942392e-03
3.332921411350331375e-05 1.494623407688749350e-01 4.650894602038428693e-02 1.081569190538258368e-01 1.054168108775135372e-02 1.012149221047774078e-01 3.457132680586751800e-02 4.041080297587774928e-02 7.852895317468577829e-02 7.802848426645081492e-03
2.514175339477288662e-01 2.318573980870609619e-01 6.043094933377003708e-02 8.015215446963304402e-02 1.527755127249712241e-02 1.780370440168932422e-03 6.754572974308474531e-02 3.314769893960762409e-02 2.301001085007453248e-02 7.675192865254192032e-03
8.465086288160567074e-02 1.192744728436013757e-01 1.080963382112225118e-01 1.131995829870069692e-01 5.382494485119906913e-02 1.257517265316930588e-02 3.596518866855779456e-02 3.454445876289646139e-02 2.958261409832902561e-02 5.744635377495640322e-03
5.844367185608516646e-01 9.582119354343547613e-02 4.273520700724713073e-02 7.789770365012700648e-02 1.100282901704478442e-02 2.947629408550374308e-03 3.379440250540850788e-02 3.533453967004278329e-02 2.443495175592413915e-02 1.678001344580469859e-02
5.270876830892976539e-01 1.416556671278386415e-01 6.046842261108857641e-02 4.773815539406325859e-02 1.432230742605079821e-02 1.891043863429933691e-03 9.477822180652790973e-02 3.028440701356081843e-02 3.358461316744962982e-02 7.671289309941172092e-03
3.182312125696171168e-01 1.196803201365364555e-01 8.339761982082413705e-02 1.208260210826713199e-01 1.287986698813469930e-02 4.692414928931194773e-03 3.414989159754825560e-02 3.454944066608268971e-02 3.750555197384175532e-02 2.365166537863301957e-02
2.638626125195702721e-01 1.416125900153235584e-01 6.043094933377003708e-02 4.541350834137457965e-02 1.091266907963252264e-02 1.780370440168932422e-03 6.813426898796880182e-02 3.450113840396563936e-02 3.357102134286032991e-02 7.668940644030616122e-03
6.367921824075927217e-01 1.101579649826678609e-01 3.341888553910313253e-02 4.445794028888402916e-02 1.004515523227279133e-02 1.214120321942213990e-02 2.395151295721304266e-02 3.460369774676327198e-02 3.404924700842985180e-02 7.802848426645081492e-03
7.461600801457719534e-01 1.243307533671871579e-01 4.716323329283066135e-02 1.063696067178147991e-01 7.366660362535833173e-02 1.061007363838899487e-01 3.603775513183198748e-02 3.384740360053125480e-02 7.982014146551115463e-02 7.766302108158652275e-03
4.661497348906923355e-01 1.419048099304039134e-01 4.669361326761529291e-02 1.007300407167422834e-01 1.054168108775135372e-02 9.724109247676443468e-04 3.678564603853502063e-02 4.041080297587774928e-02 3.379113122773598488e-02 7.802848426645081492e-03
3.662673493240261591e-01 1.196639655362528865e-01 4.716323329283066135e-02 1.063696067178147991e-01 5.417592600557102900e-02 1.061007363838899487e-01 3.591377765561993424e-02 3.384740360053125480e-02 2.958269249572197807e-02 7.843240854375032114e-03
4.283901298937788371e-01 9.582119354343547613e-02 4.273520700724713073e-02 1.070412863138125170e-01 1.270610990952401875e-02 1.034946994596235292e-01 3.379440250540850788e-02 1.715218621843519337e-02 2.443495175592413915e-02 1.678001344580469859e-02
4.097967360639198642e-01 2.051062241564388655e-02 8.407710066960019657e-02 1.080564608895863421e-01 1.180170607295750670e-02 1.064365634250139109e-01 4.054332642854618918e-02 3.454933207659862532e-02 2.523579890240249327e-02 2.427591190273307303e-02
6.614083708024309782e-01 1.414321126437900755e-01 6.342268303357659343e-02 4.673370210216148263e-02 1.441003742513558353e-02 1.230085315390359174e-02 3.860236523410882914e-02 8.731577382349794969e-04 2.743880102970001900e-02 7.796596205421505582e-03
3.742066692485516710e-01 8.757042193760740389e-02 4.671696232537083521e-02 7.788553967440355053e-02 5.416290697534753562e-02 1.061007363838899487e-01 5.649501405885243299e-02 3.384740360053125480e-02 2.951765140566583318e-02 7.838083973070016086e-03
1.647877270314797304e-03 1.193985901376701797e-01 6.256326859698155274e-02 1.199523878911181590e-01 1.817549313854101463e-03 4.476478506084388687e-03 3.071561698942335689e-02 3.454876412530684393e-02 2.396097548656804868e-02 1.702534201424290433e-02
6.977689048138995265e-01 1.205370288785095612e-01 6.471680570633438212e-02 9.984978702843996801e-02 5.512577216812400427e-02 1.517455675415034511e-02 3.397850276453653201e-02 3.454968811572792925e-02 2.958260985327576531e-02 3.909012291219604758e-03
6.274657441744890818e-02 1.486056320269018294e-01 4.519627215394727421e-02 1.079219916019712733e-01 2.797895342885328013e-02 1.067951111859726243e-01 3.457132680586751800e-02 2.055788420180792303e-02 7.262168619713513240e-02 1.391825224836986882e-02
4.997745243143097427e-01 1.167567887672888161e-01 6.263744537553106451e-02 1.081569190538258368e-01 2.350575336343538324e-02 1.037718243674616292e-01 3.574324332238910940e-02 3.081742165141092282e-02 7.852895317468577829e-02 7.802848426645081492e-03
